failed_registration_final_t1_dataset_oasis = []



2
3
10
11
13
24
31
39
45
49
54
62
65
67
84
88
93
100
104
111
122
128
129
133
135
141
144
145
147
150
151
152
156
165
169
170
173
175
211
217
226
229
237
243
249
250
257
259
262
263
271
272
284
290
294
310
312
314
318
341
344
353
382
387
392
401
409
412
417
419
424
430
434
436
439
440
457
458
461
462
464
471
476
479
481
487
493
501
507
508
518
523
531
535
550
558
565
569
583
584
585
596
602
609
613
616
646
649
658
670
676
678
683
695
702
705
711
716
721
724
731
735
740
745
746
754
762
765
769
777
779
783
785
791
797
818
824
829
831
745
847
852
857
861
862
866
867
868
869
874
876
884
902
904
907
913
916
931
933
936
946
950
966
970
977
982
992
993
997
998
999
1007
1008
1012
1014
1021
1024
1032
1034
1040
1047
1054
1065
1067
1069
1079
1085
1087
1091
1094
1097
1101
1102
1103
1107
1108
1122
1135
1146
1148
1155
1159
1170
1174
1175
1177
1183
1185
1186
1188
1198
1199
1201
1206
1212
1218
1220
1221
1234
1237
1241
1244
1274
1248
1249
1253
1254
1255
1256
1258
1260
1264
1265
1269
1277
1279
1280
1286
1292
1301
1303
1312
1321
1325
1337
1345
1348
1350
1353
1361
1370
1373
1386
1390
1397
1407
1406
1408
1410
1414
1433 sub-OAS31081_ses-d3636_T1w_brain_anat_n4.nii.gz
1416
1423
1425
1434
1440
1442
1456
1457
1463
1464
1474
1481
1484
1487
1500
1507
1525
1527
1528
1538
1544
1552
1557
1558
1559
1562
1564
1565
1575
1580
1582
1583
1585
1589
1594
1601
1604
1609
1615
1617
1620
1621
1624
1633
1636
1641
1646
1647
1650
1651
1661
1666
1681
1693
1694
1696
1698
1702
1707
1720
1722
1735
1737
1741
1752
1774
1775
1776
1786
1789
1790
1792
1800
1806
1809
1817
1824
1835
1841
1850
1855
1859
1860
1865
1873
1881
1904
1908
1909
1912
1925
1939
1941
1942
1951
1959
1963
1966
1963
1966
1969
1970
1976
1981
1987
1996
1998
2010
2011
2013
2019
2020
2022
2023
2024
2032
2036
2053
2063
2063
2065
2071
2078
2083
2087
2098
2104
2108
2118
2129
2130
2139
2149
2153
2157
2158
2165
2166
2167
2195
2197
2207
2215
2228
2234
2237
2238
2241
2256
2259
2260
2262
2265
2267
2280
2282
2286
2289
2290
2296
2314
2315
2319
2328
2332
2343
2346
2347
2353
2354
